[0, 101]
[1, 102]
[2, 103]
[3, 104]
[4, 105]
[5, 106]
[6, 107]
[7, 108]
[8, 109]
[9, 110]
[10, 111]
[11, 112]
[12, 113]
[13, 114]
[14, 115]
[15, 116]
[16, 117]
[17, 118]
[18, 119]
[19, 120]
[20, 121]
[21, 122]
[22, 123]
[23, 124]
[24, 125]
[25, 126]
[26, 127]
[27, 128]
[28, 129]
[29, 130]
[30, 131]
[31, 132]
[32, 133]
[33, 134]
[34, 135]
[35, 136]
[36, 137]
[37, 138]
[38, 139]
[39, 140]
[40, 141]
[41, 142]
[42, 143]
[43, 144]
[44, 145]
[45, 146]
[46, 147]
[47, 148]
[48]
[49]
[50]
[51]
[52]
[53]
[54]
[55]
[56]
[57]
[58]
[59]
[60]
[61]
[62]
[63]
[64]
[65]
[66]
[67]
[68]
[69]
[70]
[71]
[72]
[73]
[74]
[75]
[76]
[77]
[78]
[79]
[80]
[81]
[82]
[83]
[84]
[85]
[86]
[87]
[88]
[89]
[90]
[91]
[92]
[93]
[94]
[95]
[96]
[97]
[98]
[99]
[100]
